342
343
344
345
346
347
348
349
355
370
371
404
433
437
440
449
452
464
471
589
590
591
592
593
595
607
609
628
631
646
652
666
667
951
1080
1088
1090
1091
1094
1095
1096
1097
1099
1148
1149
1151
1153
1154
1155
1156
1158
1159
1161
1162
1165
1166
1168
1170
1171
1172
1173
1175
1176
1178
1179
1225
1264
1345
1377
1640
1679
1743
1747
1748
2078
2079
2084
2085
2126
2127
2132
2133
2576
2577
2696
2697
2774
2996
249
254
262
263
264
265
266
268
586
587
588
589
934
992
1020
1098
1125
1450
1532
1603
1624
1625
1634
1709
1820
1821
1822
2108
2109
2114
2115
2592
2593
2598
